picture_frame 0.0 160.773888 101.76 462.46579199999996
picture_frame 99.84 316.42368 168.32 520.113408
picture_frame 123.52 164.61696 177.28 304.894464
picture_frame 202.88 370.868736 247.68 423.393024
picture_frame 205.44 311.299584 243.84 370.868736
picture_frame 286.08 215.860224 352.0 482.962176
picture_frame 380.8 304.894464 406.4 441.96864
picture_frame 439.04 359.980032 460.16 389.444352
picture_frame 460.16 386.882304 472.32 408.01996799999995
picture_frame 490.88 333.718272 560.64 426.59558400000003
picture_frame 620.16 336.28032 659.84 426.59558400000003
picture_frame 678.4 351.01286400000004 684.8 418.268928
picture_frame 686.08 304.894464 705.92 441.96864
picture_frame 715.52 351.01286400000004 748.16 393.287424
picture_frame 743.04 324.750336 757.76 375.9936
picture_frame 756.48 267.743232 806.4 393.287424
picture_frame 798.72 306.17548800000003 822.4 368.306688
picture_frame 801.28 382.39872 816.0 416.98713599999996
picture_frame 837.12 382.39872 864.64 414.42508799999996
picture_frame 846.08 307.45651200000003 895.36 368.306688
picture_frame 867.2 370.868736 900.48 414.42508799999996
picture_frame 904.32 217.141248 946.56 468.870912
picture_frame 942.72 102.48576 1023.36 361.261056
picture_frame 956.16 385.60128 1015.68 497.69471999999996
