picture_frame 0.0 106.880256 108.16 271.359744
picture_frame 0.0 277.760256 121.6 420.48
picture_frame 128.0 2.5597440000000002 293.12 126.72
picture_frame 130.56 130.56 334.08 311.04
picture_frame 296.96 1.280256 469.12 129.279744
picture_frame 333.44 136.959744 577.28 328.959744
picture_frame 492.8 0.0 670.08 130.56
picture_frame 585.6 135.03974399999998 760.32 309.12
picture_frame 696.96 0.0 811.52 137.600256
picture_frame 748.8 182.39999999999998 933.76 341.76
picture_frame 811.52 7.68 956.16 177.279744
picture_frame 933.12 234.24 1023.36 411.519744
