picture_frame 0.0 3.2002559999999995 69.76 405.12
picture_frame 0.0 435.200256 84.48 709.119744
picture_frame 120.32 0.0 360.96 213.12
picture_frame 126.72 179.199744 374.4 517.760256
picture_frame 136.32 496.640256 382.08 766.08
picture_frame 363.52 0.0 533.12 236.79974400000003
picture_frame 364.8 218.88 545.92 494.72025600000006
picture_frame 379.52 487.040256 556.8 767.360256
picture_frame 530.56 4.479744 663.68 254.079744
picture_frame 540.8 241.28025599999998 678.4 476.799744
picture_frame 547.2 471.03974400000004 687.36 730.239744
picture_frame 738.56 195.84 1016.32 492.800256
picture_frame 769.92 560.000256 1000.96 716.16
