picture_frame 0.0 325.482284 37.76 445.936164
picture_frame 11.52 609.958614 131.2 682.359346
picture_frame 28.8 90.34041 146.56 213.35758900000002
picture_frame 76.16 460.672572 197.76 581.1264520000001
picture_frame 103.68 276.787799 218.88 403.00824800000004
picture_frame 184.96 115.328648 305.92 241.549097
picture_frame 234.88 551.012982 357.76 670.8262080000001
picture_frame 263.68 378.66134700000003 386.56 503.600488
picture_frame 334.08 228.734651 460.16 354.9551
picture_frame 350.08 51.897755 474.88 172.992289
picture_frame 446.08 477.330942 574.72 603.5513910000001
picture_frame 508.8 319.715715 636.16 444.01420199999995
picture_frame 522.24 135.830942 647.68 262.05139099999997
picture_frame 606.08 617.006491 728.96 682.359346
picture_frame 663.68 424.79253300000005 787.2 549.731674
picture_frame 696.32 249.878282 819.84 374.81742299999996
picture_frame 723.84 87.13714 847.36 208.87232799999998
picture_frame 793.6 542.043143 922.24 669.5449
picture_frame 901.12 188.36935100000002 1016.32 313.308492
picture_frame 933.76 42.927916 1023.36 167.867057
picture_frame 1015.04 451.06207900000004 1023.36 577.282528
