picture_frame 0.0 75.519744 151.68 306.560256
picture_frame 97.28 314.88 141.44 367.359744
picture_frame 98.56 156.15974400000002 207.36 322.56
picture_frame 119.68 84.48 183.68 199.68
picture_frame 125.44 378.24 172.8 467.840256
picture_frame 129.28 292.479744 188.8 390.39974400000006
picture_frame 159.36 435.200256 216.32 498.56025600000004
picture_frame 170.24 177.279744 456.96 435.200256
picture_frame 172.8 49.92 265.6 170.240256
picture_frame 184.96 90.87974399999999 312.96 273.920256
picture_frame 199.04 415.359744 310.4 533.1202559999999
picture_frame 263.04 0.0 335.36 106.880256
picture_frame 296.96 380.79974400000003 441.6 551.679744
picture_frame 302.72 128.000256 391.04 232.959744
picture_frame 305.28 65.91974400000001 394.88 166.400256
picture_frame 312.96 554.2402559999999 399.36 637.4399999999999
picture_frame 386.56 525.440256 644.48 767.360256
picture_frame 453.12 269.439744 627.84 531.84
picture_frame 469.12 203.52 568.32 306.560256
picture_frame 635.52 266.88 776.32 395.52
picture_frame 643.84 396.800256 789.12 509.43974399999996
picture_frame 652.8 510.72 885.76 767.360256
picture_frame 787.84 170.240256 1023.36 482.559744
picture_frame 887.04 483.84000000000003 1023.36 767.360256
